0.0050 1.0000
0.0099 1.0000
0.0149 1.0000
0.0198 1.0000
0.0248 1.0000
0.0297 1.0000
0.0347 1.0000
0.0396 1.0000
0.0446 1.0000
0.0495 1.0000
0.0545 1.0000
0.0594 1.0000
0.0644 1.0000
0.0693 1.0000
0.0743 1.0000
0.0792 1.0000
0.0842 1.0000
0.0891 1.0000
0.0941 1.0000
0.0990 1.0000
0.0990 0.9524
0.1040 0.9545
0.1040 0.9130
0.1089 0.9167
0.1089 0.8800
0.1139 0.8846
0.1188 0.8889
0.1238 0.8929
0.1287 0.8966
0.1337 0.9000
0.1386 0.9032
0.1436 0.9062
0.1485 0.9091
0.1485 0.8824
0.1535 0.8857
0.1584 0.8889
0.1584 0.8649
0.1634 0.8684
0.1683 0.8718
0.1683 0.8500
0.1733 0.8537
0.1782 0.8571
0.1832 0.8605
0.1881 0.8636
0.1931 0.8667
0.1931 0.8478
0.1980 0.8511
0.2030 0.8542
0.2079 0.8571
0.2129 0.8600
0.2178 0.8627
0.2228 0.8654
0.2228 0.8491
0.2277 0.8519
0.2327 0.8545
0.2376 0.8571
0.2376 0.8421
0.2426 0.8448
0.2475 0.8475
0.2525 0.8500
0.2525 0.8361
0.2525 0.8226
0.2525 0.8095
0.2525 0.7969
0.2574 0.8000
0.2574 0.7879
0.2624 0.7910
0.2624 0.7794
0.2673 0.7826
0.2723 0.7857
0.2723 0.7746
0.2772 0.7778
0.2772 0.7671
0.2772 0.7568
0.2822 0.7600
0.2871 0.7632
0.2871 0.7532
0.2921 0.7564
0.2970 0.7595
0.3020 0.7625
0.3020 0.7531
0.3020 0.7439
0.3069 0.7470
0.3069 0.7381
0.3119 0.7412
0.3119 0.7326
0.3168 0.7356
0.3168 0.7273
0.3168 0.7191
0.3218 0.7222
0.3218 0.7143
0.3267 0.7174
0.3267 0.7097
0.3267 0.7021
0.3317 0.7053
0.3317 0.6979
0.3366 0.7010
0.3366 0.6939
0.3366 0.6869
0.3416 0.6900
0.3465 0.6931
0.3515 0.6961
0.3515 0.6893
0.3515 0.6827
0.3515 0.6762
0.3515 0.6698
0.3515 0.6636
0.3515 0.6574
0.3515 0.6514
0.3564 0.6545
0.3614 0.6577
0.3614 0.6518
0.3614 0.6460
0.3614 0.6404
0.3614 0.6348
0.3614 0.6293
0.3663 0.6325
0.3663 0.6271
0.3713 0.6303
0.3713 0.6250
0.3713 0.6198
0.3713 0.6148
0.3713 0.6098
0.3713 0.6048
0.3713 0.6000
0.3713 0.5952
0.3713 0.5906
0.3713 0.5859
0.3762 0.5891
0.3762 0.5846
0.3762 0.5802
0.3812 0.5833
0.3812 0.5789
0.3861 0.5821
0.3861 0.5778
0.3861 0.5735
0.3861 0.5693
0.3911 0.5725
0.3911 0.5683
0.3960 0.5714
0.3960 0.5674
0.3960 0.5634
0.3960 0.5594
0.4010 0.5625
0.4059 0.5655
0.4059 0.5616
0.4059 0.5578
0.4109 0.5608
0.4109 0.5570
0.4109 0.5533
0.4109 0.5497
0.4109 0.5461
0.4109 0.5425
0.4158 0.5455
0.4208 0.5484
0.4208 0.5449
0.4208 0.5414
0.4257 0.5443
0.4257 0.5409
0.4257 0.5375
0.4307 0.5404
0.4307 0.5370
0.4356 0.5399
0.4406 0.5427
0.4455 0.5455
0.4505 0.5482
0.4505 0.5449
0.4554 0.5476
0.4554 0.5444
0.4554 0.5412
0.4554 0.5380
0.4554 0.5349
0.4554 0.5318
0.4604 0.5345
0.4604 0.5314
0.4604 0.5284
0.4604 0.5254
0.4604 0.5225
0.4653 0.5251
0.4653 0.5222
0.4653 0.5193
0.4703 0.5220
0.4703 0.5191
0.4703 0.5163
0.4703 0.5135
0.4703 0.5108
0.4703 0.5080
0.4703 0.5053
0.4703 0.5026
0.4703 0.5000
0.4703 0.4974
0.4703 0.4948
0.4703 0.4922
0.4703 0.4897
0.4703 0.4872
0.4703 0.4847
0.4703 0.4822
0.4703 0.4798
0.4703 0.4774
0.4703 0.4750
0.4703 0.4726
0.4752 0.4752
0.4752 0.4729
0.4752 0.4706
0.4802 0.4732
0.4802 0.4709
0.4802 0.4686
0.4802 0.4663
0.4802 0.4641
0.4802 0.4619
0.4802 0.4597
0.4851 0.4623
0.4851 0.4601
0.4851 0.4579
0.4901 0.4605
0.4901 0.4583
0.4950 0.4608
0.4950 0.4587
0.4950 0.4566
0.4950 0.4545
0.4950 0.4525
0.5000 0.4550
0.5000 0.4529
0.5000 0.4509
0.5000 0.4489
0.5000 0.4469
0.5000 0.4449
0.5000 0.4430
0.5000 0.4410
0.5000 0.4391
0.5050 0.4416
0.5050 0.4397
0.5050 0.4378
0.5050 0.4359
0.5099 0.4383
0.5099 0.4364
0.5099 0.4346
0.5099 0.4328
0.5099 0.4310
0.5099 0.4292
0.5099 0.4274
0.5099 0.4256
0.5099 0.4239
0.5099 0.4221
0.5099 0.4204
0.5099 0.4187
0.5099 0.4170
0.5099 0.4153
0.5099 0.4137
0.5099 0.4120
0.5099 0.4104
0.5099 0.4087
0.5099 0.4071
0.5099 0.4055
0.5099 0.4039
0.5099 0.4023
0.5149 0.4047
0.5149 0.4031
0.5149 0.4015
0.5198 0.4038
0.5198 0.4023
0.5198 0.4008
0.5198 0.3992
0.5198 0.3977
0.5198 0.3962
0.5198 0.3947
0.5198 0.3933
0.5248 0.3955
0.5248 0.3941
0.5248 0.3926
0.5248 0.3911
0.5248 0.3897
0.5248 0.3883
0.5248 0.3869
0.5248 0.3855
0.5297 0.3877
0.5297 0.3863
0.5297 0.3849
0.5297 0.3835
0.5297 0.3821
0.5297 0.3808
0.5297 0.3794
0.5297 0.3781
0.5297 0.3768
0.5347 0.3789
0.5347 0.3776
0.5347 0.3763
0.5347 0.3750
0.5347 0.3737
0.5396 0.3759
0.5396 0.3746
0.5396 0.3733
0.5396 0.3720
0.5396 0.3707
0.5396 0.3695
0.5396 0.3682
0.5396 0.3670
0.5396 0.3658
0.5396 0.3645
0.5446 0.3667
0.5446 0.3654
0.5446 0.3642
0.5495 0.3663
0.5495 0.3651
0.5495 0.3639
0.5495 0.3627
0.5495 0.3616
0.5495 0.3604
0.5495 0.3592
0.5495 0.3581
0.5495 0.3569
0.5495 0.3558
0.5495 0.3546
0.5495 0.3535
0.5495 0.3524
0.5495 0.3513
0.5495 0.3502
0.5495 0.3491
0.5495 0.3480
0.5495 0.3469
0.5495 0.3458
0.5495 0.3447
0.5495 0.3437
0.5495 0.3426
0.5495 0.3415
0.5495 0.3405
0.5495 0.3394
0.5495 0.3384
0.5495 0.3374
0.5495 0.3364
0.5495 0.3353
0.5495 0.3343
0.5495 0.3333
0.5545 0.3353
0.5545 0.3343
0.5594 0.3363
0.5594 0.3353
0.5594 0.3343
0.5594 0.3333
0.5594 0.3324
0.5594 0.3314
0.5594 0.3304
0.5594 0.3294
0.5594 0.3285
0.5594 0.3275
0.5594 0.3266
0.5594 0.3256
0.5594 0.3247
0.5594 0.3238
0.5644 0.3257
0.5644 0.3248
0.5644 0.3239
0.5644 0.3229
0.5644 0.3220
0.5644 0.3211
0.5644 0.3202
0.5693 0.3221
0.5693 0.3212
0.5693 0.3203
0.5693 0.3194
0.5693 0.3186
0.5693 0.3177
0.5693 0.3168
0.5693 0.3159
0.5693 0.3151
0.5693 0.3142
0.5693 0.3134
0.5693 0.3125
0.5693 0.3117
0.5693 0.3108
0.5693 0.3100
0.5693 0.3091
0.5693 0.3083
0.5693 0.3075
0.5693 0.3067
0.5693 0.3059
0.5693 0.3050
0.5693 0.3042
0.5693 0.3034
0.5693 0.3026
0.5693 0.3018
0.5693 0.3010
0.5693 0.3003
0.5693 0.2995
0.5693 0.2987
0.5693 0.2979
0.5693 0.2972
0.5693 0.2964
0.5693 0.2956
0.5693 0.2949
0.5693 0.2941
0.5693 0.2934
0.5693 0.2926
0.5693 0.2919
0.5693 0.2911
0.5693 0.2904
0.5693 0.2897
0.5693 0.2889
0.5693 0.2882
0.5693 0.2875
0.5693 0.2868
0.5693 0.2861
0.5743 0.2878
0.5792 0.2896
0.5792 0.2889
0.5792 0.2882
0.5792 0.2875
0.5842 0.2892
0.5842 0.2885
0.5842 0.2878
0.5842 0.2871
0.5842 0.2864
0.5842 0.2857
0.5842 0.2850
0.5842 0.2843
0.5842 0.2837
0.5842 0.2830
0.5842 0.2823
0.5842 0.2816
0.5842 0.2810
0.5842 0.2803
0.5842 0.2796
0.5842 0.2790
0.5842 0.2783
0.5842 0.2776
0.5842 0.2770
0.5842 0.2763
0.5842 0.2757
0.5842 0.2751
0.5842 0.2744
0.5842 0.2738
0.5842 0.2731
0.5842 0.2725
0.5842 0.2719
0.5842 0.2713
0.5842 0.2706
0.5842 0.2700
0.5842 0.2694
0.5842 0.2688
0.5842 0.2682
0.5891 0.2698
0.5891 0.2692
0.5891 0.2686
0.5891 0.2680
0.5891 0.2674
0.5891 0.2668
0.5891 0.2662
0.5891 0.2656
0.5891 0.2650
0.5891 0.2644
0.5891 0.2639
0.5891 0.2633
0.5891 0.2627
0.5891 0.2621
0.5891 0.2615
0.5891 0.2610
0.5891 0.2604
0.5891 0.2598
0.5891 0.2593
0.5891 0.2587
0.5891 0.2581
0.5941 0.2597
0.5990 0.2613
0.5990 0.2608
0.6040 0.2624
0.6040 0.2618
0.6040 0.2612
0.6040 0.2607
0.6040 0.2601
0.6089 0.2617
0.6089 0.2611
0.6089 0.2606
0.6089 0.2600
0.6089 0.2595
0.6089 0.2589
0.6089 0.2584
0.6089 0.2579
0.6089 0.2573
0.6089 0.2568
0.6089 0.2562
0.6089 0.2557
0.6089 0.2552
0.6089 0.2547
0.6089 0.2541
0.6089 0.2536
0.6089 0.2531
0.6089 0.2526
0.6089 0.2520
0.6089 0.2515
0.6089 0.2510
0.6089 0.2505
0.6089 0.2500
0.6089 0.2495
0.6089 0.2490
0.6089 0.2485
0.6089 0.2480
0.6089 0.2475
0.6089 0.2470
0.6089 0.2465
0.6089 0.2460
0.6089 0.2455
0.6089 0.2450
0.6089 0.2445
0.6089 0.2440
0.6089 0.2436
0.6089 0.2431
0.6089 0.2426
0.6089 0.2421
0.6089 0.2417
0.6089 0.2412
0.6089 0.2407
0.6089 0.2402
0.6089 0.2398
0.6089 0.2393
0.6139 0.2408
0.6139 0.2403
0.6139 0.2398
0.6139 0.2394
0.6139 0.2389
0.6139 0.2385
0.6139 0.2380
0.6139 0.2375
0.6139 0.2371
0.6139 0.2366
0.6139 0.2362
0.6139 0.2357
0.6139 0.2353
0.6139 0.2348
0.6139 0.2344
0.6139 0.2340
0.6139 0.2335
0.6139 0.2331
0.6139 0.2326
0.6139 0.2322
0.6139 0.2318
0.6139 0.2313
0.6139 0.2309
0.6139 0.2305
0.6139 0.2301
0.6139 0.2296
0.6139 0.2292
0.6139 0.2288
0.6139 0.2284
0.6188 0.2298
0.6188 0.2294
0.6238 0.2308
0.6238 0.2303
0.6238 0.2299
0.6238 0.2295
0.6238 0.2291
0.6287 0.2305
0.6287 0.2301
0.6287 0.2297
0.6287 0.2292
0.6287 0.2288
0.6287 0.2284
0.6287 0.2280
0.6287 0.2276
0.6287 0.2272
0.6287 0.2268
0.6287 0.2264
0.6287 0.2260
0.6287 0.2256
0.6287 0.2252
0.6287 0.2248
0.6287 0.2244
0.6287 0.2240
0.6287 0.2236
0.6287 0.2232
0.6287 0.2228
0.6287 0.2224
0.6287 0.2220
0.6287 0.2216
0.6287 0.2213
0.6287 0.2209
0.6287 0.2205
0.6287 0.2201
0.6287 0.2197
0.6287 0.2193
0.6287 0.2190
0.6287 0.2186
0.6287 0.2182
0.6287 0.2178
0.6287 0.2175
0.6287 0.2171
0.6287 0.2167
0.6287 0.2164
0.6287 0.2160
0.6287 0.2156
0.6287 0.2153
0.6287 0.2149
0.6287 0.2145
0.6287 0.2142
0.6287 0.2138
0.6287 0.2134
0.6287 0.2131
0.6287 0.2127
0.6287 0.2124
0.6287 0.2120
0.6287 0.2117
0.6287 0.2113
0.6287 0.2110
0.6287 0.2106
0.6287 0.2103
0.6287 0.2099
0.6287 0.2096
0.6287 0.2092
0.6287 0.2089
0.6287 0.2085
0.6287 0.2082
0.6287 0.2079
0.6287 0.2075
0.6287 0.2072
0.6287 0.2068
0.6287 0.2065
0.6287 0.2062
0.6287 0.2058
0.6287 0.2055
0.6287 0.2052
0.6287 0.2048
0.6287 0.2045
0.6287 0.2042
0.6287 0.2039
0.6287 0.2035
0.6287 0.2032
0.6287 0.2029
0.6287 0.2026
0.6287 0.2022
0.6287 0.2019
0.6287 0.2016
0.6287 0.2013
0.6287 0.2009
0.6287 0.2006
0.6287 0.2003
0.6287 0.2000
0.6287 0.1997
0.6287 0.1994
0.6287 0.1991
0.6287 0.1987
0.6287 0.1984
0.6287 0.1981
0.6337 0.1994
0.6337 0.1991
0.6337 0.1988
0.6337 0.1984
0.6337 0.1981
0.6337 0.1978
0.6337 0.1975
0.6337 0.1972
0.6337 0.1969
0.6386 0.1982
0.6386 0.1979
0.6386 0.1975
0.6386 0.1972
0.6386 0.1969
0.6386 0.1966
0.6386 0.1963
0.6386 0.1960
0.6386 0.1958
0.6386 0.1955
0.6386 0.1952
0.6386 0.1949
0.6386 0.1946
0.6386 0.1943
0.6386 0.1940
0.6386 0.1937
0.6386 0.1934
0.6386 0.1931
0.6386 0.1928
0.6386 0.1925
0.6386 0.1923
0.6386 0.1920
0.6386 0.1917
0.6386 0.1914
0.6386 0.1911
0.6386 0.1908
0.6386 0.1905
0.6386 0.1903
0.6436 0.1915
0.6436 0.1912
0.6436 0.1909
0.6436 0.1906
0.6436 0.1903
0.6436 0.1901
0.6436 0.1898
0.6436 0.1895
0.6436 0.1892
0.6436 0.1890
0.6436 0.1887
0.6436 0.1884
0.6436 0.1881
0.6436 0.1879
0.6436 0.1876
0.6436 0.1873
0.6436 0.1871
0.6436 0.1868
0.6436 0.1865
0.6436 0.1862
0.6436 0.1860
0.6436 0.1857
0.6436 0.1854
0.6436 0.1852
0.6436 0.1849
0.6436 0.1847
0.6436 0.1844
0.6485 0.1856
0.6485 0.1853
0.6485 0.1850
0.6485 0.1848
0.6535 0.1859
0.6535 0.1857
0.6535 0.1854
0.6535 0.1851
0.6535 0.1849
0.6535 0.1846
0.6535 0.1844
0.6535 0.1841
0.6535 0.1838
0.6535 0.1836
0.6535 0.1833
0.6535 0.1831
0.6535 0.1828
0.6535 0.1826
0.6535 0.1823
0.6535 0.1821
0.6535 0.1818
0.6535 0.1816
0.6584 0.1827
0.6584 0.1824
0.6584 0.1822
0.6584 0.1819
0.6584 0.1817
0.6584 0.1814
0.6584 0.1812
0.6584 0.1810
0.6584 0.1807
0.6584 0.1805
0.6584 0.1802
0.6584 0.1800
0.6584 0.1797
0.6584 0.1795
0.6584 0.1792
0.6584 0.1790
0.6584 0.1788
0.6584 0.1785
0.6584 0.1783
0.6584 0.1780
0.6584 0.1778
0.6584 0.1776
0.6584 0.1773
0.6584 0.1771
0.6584 0.1769
0.6584 0.1766
0.6584 0.1764
0.6584 0.1762
0.6584 0.1759
0.6584 0.1757
0.6584 0.1755
0.6584 0.1752
0.6584 0.1750
0.6584 0.1748
0.6584 0.1745
0.6584 0.1743
0.6584 0.1741
0.6584 0.1739
0.6584 0.1736
0.6584 0.1734
0.6584 0.1732
0.6584 0.1730
0.6584 0.1727
0.6584 0.1725
0.6584 0.1723
0.6584 0.1721
0.6584 0.1718
0.6584 0.1716
0.6584 0.1714
0.6584 0.1712
0.6584 0.1710
0.6634 0.1720
0.6634 0.1718
0.6634 0.1716
0.6634 0.1714
0.6634 0.1711
0.6634 0.1709
0.6634 0.1707
0.6634 0.1705
0.6634 0.1703
0.6634 0.1701
0.6634 0.1698
0.6634 0.1696
0.6634 0.1694
0.6634 0.1692
0.6634 0.1690
0.6634 0.1688
0.6634 0.1686
0.6634 0.1683
0.6634 0.1681
0.6634 0.1679
0.6634 0.1677
0.6634 0.1675
0.6634 0.1673
0.6634 0.1671
0.6634 0.1669
0.6634 0.1667
0.6634 0.1665
0.6634 0.1663
0.6683 0.1673
0.6683 0.1671
0.6683 0.1669
0.6683 0.1667
0.6683 0.1665
0.6683 0.1663
0.6683 0.1661
0.6683 0.1658
0.6683 0.1656
0.6683 0.1654
0.6683 0.1652
0.6683 0.1650
0.6683 0.1648
0.6683 0.1646
0.6683 0.1644
0.6683 0.1642
0.6683 0.1640
0.6683 0.1638
0.6683 0.1636
0.6683 0.1634
0.6683 0.1632
0.6683 0.1630
0.6683 0.1628
0.6683 0.1627
0.6683 0.1625
0.6683 0.1623
0.6683 0.1621
0.6683 0.1619
0.6683 0.1617
0.6683 0.1615
0.6683 0.1613
0.6683 0.1611
0.6683 0.1609
0.6683 0.1607
0.6683 0.1605
0.6683 0.1603
0.6683 0.1601
0.6683 0.1600
0.6683 0.1598
0.6683 0.1596
0.6683 0.1594
0.6683 0.1592
0.6683 0.1590
0.6733 0.1600
0.6733 0.1598
0.6733 0.1596
0.6733 0.1594
0.6733 0.1593
0.6733 0.1591
0.6733 0.1589
0.6733 0.1587
0.6733 0.1585
0.6733 0.1583
0.6733 0.1581
0.6733 0.1580
0.6733 0.1578
0.6733 0.1576
0.6733 0.1574
0.6733 0.1572
0.6733 0.1570
0.6733 0.1569
0.6733 0.1567
0.6733 0.1565
0.6733 0.1563
0.6733 0.1561
0.6733 0.1560
0.6733 0.1558
0.6733 0.1556
0.6782 0.1566
0.6782 0.1564
0.6782 0.1562
0.6782 0.1560
0.6782 0.1559
0.6782 0.1557
0.6782 0.1555
0.6782 0.1553
0.6782 0.1552
0.6782 0.1550
0.6782 0.1548
0.6782 0.1546
0.6782 0.1545
0.6782 0.1543
0.6782 0.1541
0.6782 0.1539
0.6782 0.1538
0.6782 0.1536
0.6782 0.1534
0.6782 0.1532
0.6782 0.1531
0.6782 0.1529
0.6782 0.1527
0.6782 0.1526
0.6782 0.1524
0.6782 0.1522
0.6782 0.1521
0.6782 0.1519
0.6782 0.1517
0.6782 0.1515
0.6782 0.1514
0.6782 0.1512
0.6782 0.1510
0.6782 0.1509
0.6782 0.1507
0.6782 0.1505
0.6782 0.1504
0.6782 0.1502
0.6782 0.1501
0.6782 0.1499
0.6782 0.1497
0.6782 0.1496
0.6782 0.1494
0.6782 0.1492
0.6782 0.1491
0.6782 0.1489
0.6782 0.1488
0.6782 0.1486
0.6782 0.1484
0.6782 0.1483
0.6782 0.1481
0.6782 0.1479
0.6782 0.1478
0.6782 0.1476
0.6782 0.1475
0.6782 0.1473
0.6782 0.1472
0.6782 0.1470
0.6782 0.1468
0.6782 0.1467
0.6782 0.1465
0.6782 0.1464
0.6782 0.1462
0.6782 0.1461
0.6782 0.1459
0.6832 0.1468
0.6832 0.1467
0.6832 0.1465
0.6832 0.1463
0.6832 0.1462
0.6832 0.1460
0.6832 0.1459
0.6881 0.1468
0.6881 0.1466
0.6881 0.1465
0.6881 0.1463
0.6881 0.1462
0.6881 0.1460
0.6881 0.1459
0.6881 0.1457
0.6881 0.1455
0.6881 0.1454
0.6881 0.1452
0.6881 0.1451
0.6881 0.1449
0.6881 0.1448
0.6881 0.1446
0.6881 0.1445
0.6881 0.1443
0.6881 0.1442
0.6881 0.1440
0.6881 0.1439
0.6881 0.1437
0.6881 0.1436
0.6881 0.1434
0.6881 0.1433
0.6881 0.1432
0.6881 0.1430
0.6931 0.1439
0.6931 0.1437
0.6931 0.1436
0.6931 0.1434
0.6931 0.1433
0.6931 0.1431
0.6931 0.1430
0.6931 0.1429
0.6931 0.1427
0.6931 0.1426
0.6931 0.1424
0.6931 0.1423
0.6931 0.1421
0.6931 0.1420
0.6931 0.1418
0.6931 0.1417
0.6931 0.1416
0.6931 0.1414
0.6931 0.1413
0.6931 0.1411
0.6931 0.1410
0.6931 0.1408
0.6931 0.1407
0.6931 0.1406
0.6931 0.1404
0.6931 0.1403
0.6931 0.1401
0.6931 0.1400
0.6931 0.1399
0.6931 0.1397
0.6931 0.1396
0.6931 0.1394
0.6931 0.1393
0.6931 0.1392
0.6931 0.1390
0.6931 0.1389
0.6931 0.1388
0.6931 0.1386
0.6931 0.1385
0.6931 0.1383
0.6931 0.1382
0.6931 0.1381
0.6931 0.1379
0.6931 0.1378
0.6931 0.1377
0.6931 0.1375
0.6931 0.1374
0.6931 0.1373
0.6931 0.1371
0.6931 0.1370
0.6931 0.1369
0.6931 0.1367
0.6931 0.1366
0.6980 0.1374
0.6980 0.1373
0.6980 0.1372
0.6980 0.1370
0.6980 0.1369
0.6980 0.1368
0.6980 0.1366
0.6980 0.1365
0.6980 0.1364
0.6980 0.1362
0.6980 0.1361
0.6980 0.1360
0.6980 0.1358
0.6980 0.1357
0.6980 0.1356
0.6980 0.1354
0.6980 0.1353
0.6980 0.1352
0.6980 0.1351
0.6980 0.1349
0.6980 0.1348
0.6980 0.1347
0.6980 0.1345
0.6980 0.1344
0.6980 0.1343
0.6980 0.1342
0.6980 0.1340
0.6980 0.1339
0.6980 0.1338
0.6980 0.1336
0.6980 0.1335
0.6980 0.1334
0.6980 0.1333
0.6980 0.1331
0.6980 0.1330
0.7030 0.1338
0.7030 0.1337
0.7030 0.1336
0.7030 0.1335
0.7030 0.1333
0.7079 0.1341
0.7079 0.1340
0.7079 0.1339
0.7079 0.1338
0.7079 0.1336
0.7079 0.1335
0.7079 0.1334
0.7079 0.1333
0.7079 0.1331
0.7079 0.1330
0.7079 0.1329
0.7079 0.1328
0.7079 0.1327
0.7079 0.1325
0.7079 0.1324
0.7079 0.1323
0.7079 0.1322
0.7079 0.1320
0.7079 0.1319
0.7079 0.1318
0.7079 0.1317
0.7079 0.1316
0.7079 0.1314
0.7079 0.1313
0.7079 0.1312
0.7079 0.1311
0.7079 0.1310
0.7079 0.1308
0.7079 0.1307
0.7079 0.1306
0.7079 0.1305
0.7079 0.1304
0.7079 0.1302
0.7079 0.1301
0.7079 0.1300
0.7079 0.1299
0.7079 0.1298
0.7079 0.1296
0.7079 0.1295
0.7079 0.1294
0.7079 0.1293
0.7079 0.1292
0.7079 0.1291
0.7079 0.1289
0.7079 0.1288
0.7079 0.1287
0.7079 0.1286
0.7079 0.1285
0.7129 0.1293
0.7129 0.1291
0.7129 0.1290
0.7129 0.1289
0.7129 0.1288
0.7129 0.1287
0.7129 0.1286
0.7129 0.1285
0.7129 0.1283
0.7129 0.1282
0.7129 0.1281
0.7129 0.1280
0.7129 0.1279
0.7129 0.1278
0.7129 0.1277
0.7129 0.1275
0.7129 0.1274
0.7129 0.1273
0.7129 0.1272
0.7129 0.1271
0.7129 0.1270
0.7129 0.1269
0.7129 0.1268
0.7129 0.1266
0.7129 0.1265
0.7129 0.1264
0.7129 0.1263
0.7129 0.1262
0.7129 0.1261
0.7129 0.1260
0.7129 0.1259
0.7178 0.1266
0.7178 0.1265
0.7178 0.1264
0.7178 0.1263
0.7178 0.1262
0.7178 0.1261
0.7228 0.1268
0.7277 0.1276
0.7277 0.1275
0.7277 0.1274
0.7277 0.1273
0.7277 0.1272
0.7277 0.1271
0.7277 0.1269
0.7277 0.1268
0.7277 0.1267
0.7277 0.1266
0.7277 0.1265
0.7277 0.1264
0.7277 0.1263
0.7277 0.1262
0.7277 0.1261
0.7277 0.1260
0.7277 0.1259
0.7277 0.1257
0.7277 0.1256
0.7277 0.1255
0.7277 0.1254
0.7277 0.1253
0.7277 0.1252
0.7277 0.1251
0.7277 0.1250
0.7277 0.1249
0.7277 0.1248
0.7277 0.1247
0.7277 0.1246
0.7277 0.1245
0.7277 0.1244
0.7277 0.1243
0.7277 0.1242
0.7277 0.1241
0.7277 0.1239
0.7277 0.1238
0.7277 0.1237
0.7277 0.1236
0.7277 0.1235
0.7277 0.1234
0.7277 0.1233
0.7277 0.1232
0.7277 0.1231
0.7277 0.1230
0.7277 0.1229
0.7277 0.1228
0.7277 0.1227
0.7277 0.1226
0.7277 0.1225
0.7277 0.1224
0.7277 0.1223
0.7277 0.1222
0.7277 0.1221
0.7327 0.1228
0.7327 0.1227
0.7327 0.1226
0.7327 0.1225
0.7327 0.1224
0.7327 0.1223
0.7327 0.1222
0.7327 0.1221
0.7327 0.1220
0.7327 0.1219
0.7327 0.1218
0.7327 0.1217
0.7327 0.1216
0.7327 0.1215
0.7327 0.1214
0.7327 0.1213
0.7327 0.1212
0.7327 0.1211
0.7327 0.1210
0.7327 0.1209
0.7327 0.1208
0.7327 0.1207
0.7327 0.1206
0.7327 0.1205
0.7327 0.1204
0.7327 0.1203
0.7327 0.1202
0.7327 0.1201
0.7327 0.1200
0.7327 0.1199
0.7327 0.1198
0.7327 0.1197
0.7327 0.1196
0.7327 0.1195
0.7327 0.1195
0.7327 0.1194
0.7327 0.1193
0.7327 0.1192
0.7327 0.1191
0.7327 0.1190
0.7327 0.1189
0.7376 0.1196
0.7426 0.1203
0.7426 0.1202
0.7426 0.1201
0.7426 0.1200
0.7426 0.1199
0.7426 0.1198
0.7426 0.1197
0.7426 0.1196
0.7426 0.1195
0.7426 0.1194
0.7426 0.1193
0.7426 0.1192
0.7426 0.1191
0.7475 0.1198
0.7475 0.1197
0.7475 0.1197
0.7475 0.1196
0.7475 0.1195
0.7475 0.1194
0.7475 0.1193
0.7475 0.1192
0.7475 0.1191
0.7475 0.1190
0.7475 0.1189
0.7475 0.1188
0.7475 0.1187
0.7475 0.1186
0.7475 0.1185
0.7475 0.1184
0.7475 0.1183
0.7475 0.1182
0.7475 0.1182
0.7475 0.1181
0.7475 0.1180
0.7475 0.1179
0.7475 0.1178
0.7475 0.1177
0.7475 0.1176
0.7475 0.1175
0.7475 0.1174
0.7475 0.1173
0.7475 0.1172
0.7475 0.1171
0.7475 0.1171
0.7475 0.1170
0.7475 0.1169
0.7475 0.1168
0.7475 0.1167
0.7475 0.1166
0.7475 0.1165
0.7475 0.1164
0.7525 0.1171
0.7525 0.1170
0.7525 0.1169
0.7525 0.1168
0.7525 0.1167
0.7525 0.1167
0.7525 0.1166
0.7525 0.1165
0.7525 0.1164
0.7525 0.1163
0.7525 0.1162
0.7525 0.1161
0.7525 0.1160
0.7525 0.1159
0.7525 0.1159
0.7525 0.1158
0.7525 0.1157
0.7525 0.1156
0.7525 0.1155
0.7525 0.1154
0.7525 0.1153
0.7525 0.1152
0.7525 0.1152
0.7525 0.1151
0.7525 0.1150
0.7525 0.1149
0.7525 0.1148
0.7525 0.1147
0.7525 0.1146
0.7525 0.1145
0.7525 0.1145
0.7525 0.1144
0.7525 0.1143
0.7525 0.1142
0.7525 0.1141
0.7525 0.1140
0.7525 0.1139
0.7525 0.1139
0.7525 0.1138
0.7525 0.1137
0.7525 0.1136
0.7525 0.1135
0.7525 0.1134
0.7525 0.1133
0.7525 0.1133
0.7525 0.1132
0.7525 0.1131
0.7525 0.1130
0.7525 0.1129
0.7525 0.1128
0.7525 0.1128
0.7525 0.1127
0.7525 0.1126
0.7525 0.1125
0.7525 0.1124
0.7525 0.1123
0.7525 0.1123
0.7525 0.1122
0.7525 0.1121
0.7525 0.1120
0.7525 0.1119
0.7525 0.1118
0.7525 0.1118
0.7525 0.1117
0.7525 0.1116
0.7525 0.1115
0.7525 0.1114
0.7525 0.1114
0.7525 0.1113
0.7525 0.1112
0.7525 0.1111
0.7525 0.1110
0.7525 0.1109
0.7525 0.1109
0.7525 0.1108
0.7525 0.1107
0.7525 0.1106
0.7525 0.1105
0.7525 0.1105
0.7525 0.1104
0.7525 0.1103
0.7525 0.1102
0.7525 0.1101
0.7525 0.1101
0.7525 0.1100
0.7525 0.1099
0.7525 0.1098
0.7525 0.1097
0.7525 0.1097
0.7525 0.1096
0.7525 0.1095
0.7525 0.1094
0.7525 0.1094
0.7525 0.1093
0.7525 0.1092
0.7525 0.1091
0.7525 0.1090
0.7525 0.1090
0.7525 0.1089
0.7574 0.1095
0.7574 0.1094
0.7574 0.1094
0.7574 0.1093
0.7574 0.1092
0.7574 0.1091
0.7574 0.1091
0.7574 0.1090
0.7574 0.1089
0.7574 0.1088
0.7574 0.1087
0.7574 0.1087
0.7574 0.1086
0.7574 0.1085
0.7574 0.1084
0.7574 0.1084
0.7574 0.1083
0.7574 0.1082
0.7574 0.1081
0.7574 0.1081
0.7574 0.1080
0.7574 0.1079
0.7574 0.1078
0.7574 0.1077
0.7574 0.1077
0.7574 0.1076
0.7574 0.1075
0.7574 0.1074
0.7574 0.1074
0.7574 0.1073
0.7574 0.1072
0.7574 0.1071
0.7574 0.1071
0.7574 0.1070
0.7574 0.1069
0.7574 0.1068
0.7574 0.1068
0.7574 0.1067
0.7574 0.1066
0.7574 0.1065
0.7574 0.1065
0.7574 0.1064
0.7574 0.1063
0.7574 0.1062
0.7574 0.1062
0.7574 0.1061
0.7574 0.1060
0.7574 0.1060
0.7574 0.1059
0.7574 0.1058
0.7574 0.1057
0.7574 0.1057
0.7574 0.1056
0.7574 0.1055
0.7574 0.1054
0.7574 0.1054
0.7574 0.1053
0.7574 0.1052
0.7574 0.1052
0.7574 0.1051
0.7574 0.1050
0.7574 0.1049
0.7574 0.1049
0.7574 0.1048
0.7574 0.1047
0.7574 0.1047
0.7574 0.1046
0.7574 0.1045
0.7574 0.1044
0.7574 0.1044
0.7574 0.1043
0.7574 0.1042
0.7574 0.1042
0.7574 0.1041
0.7574 0.1040
0.7574 0.1039
0.7574 0.1039
0.7574 0.1038
0.7574 0.1037
0.7574 0.1037
0.7574 0.1036
0.7574 0.1035
0.7574 0.1034
0.7574 0.1034
0.7574 0.1033
0.7574 0.1032
0.7624 0.1038
0.7624 0.1038
0.7624 0.1037
0.7624 0.1036
0.7624 0.1036
0.7624 0.1035
0.7624 0.1034
0.7624 0.1034
0.7624 0.1033
0.7624 0.1032
0.7624 0.1031
0.7624 0.1031
0.7624 0.1030
0.7624 0.1029
0.7624 0.1029
0.7624 0.1028
0.7624 0.1027
0.7624 0.1027
0.7624 0.1026
0.7624 0.1025
0.7624 0.1025
0.7624 0.1024
0.7624 0.1023
0.7624 0.1023
0.7624 0.1022
0.7624 0.1021
0.7624 0.1021
0.7624 0.1020
0.7624 0.1019
0.7624 0.1019
0.7624 0.1018
0.7624 0.1017
0.7624 0.1017
0.7624 0.1016
0.7624 0.1015
0.7624 0.1014
0.7624 0.1014
0.7624 0.1013
0.7624 0.1012
0.7624 0.1012
0.7624 0.1011
0.7624 0.1010
0.7624 0.1010
0.7624 0.1009
0.7624 0.1009
0.7624 0.1008
0.7624 0.1007
0.7624 0.1007
0.7624 0.1006
0.7624 0.1005
0.7624 0.1005
0.7624 0.1004
0.7624 0.1003
0.7624 0.1003
0.7624 0.1002
0.7624 0.1001
0.7624 0.1001
0.7624 0.1000
0.7624 0.0999
0.7624 0.0999
0.7624 0.0998
0.7624 0.0997
0.7624 0.0997
0.7624 0.0996
0.7624 0.0995
0.7624 0.0995
0.7624 0.0994
0.7624 0.0994
0.7624 0.0993
0.7624 0.0992
0.7624 0.0992
0.7624 0.0991
0.7624 0.0990
0.7624 0.0990
0.7673 0.0996
0.7673 0.0995
0.7673 0.0994
0.7673 0.0994
0.7673 0.0993
0.7673 0.0992
0.7673 0.0992
0.7673 0.0991
0.7673 0.0990
0.7673 0.0990
0.7673 0.0989
0.7673 0.0989
0.7673 0.0988
0.7673 0.0987
0.7673 0.0987
0.7673 0.0986
0.7673 0.0985
0.7673 0.0985
0.7673 0.0984
0.7673 0.0984
0.7673 0.0983
0.7673 0.0982
0.7673 0.0982
0.7673 0.0981
0.7673 0.0980
0.7723 0.0986
0.7723 0.0985
0.7723 0.0985
0.7723 0.0984
0.7723 0.0984
0.7723 0.0983
0.7723 0.0982
0.7723 0.0982
0.7723 0.0981
0.7723 0.0981
0.7723 0.0980
0.7723 0.0979
0.7723 0.0979
0.7772 0.0984
0.7772 0.0984
0.7772 0.0983
0.7772 0.0982
0.7772 0.0982
0.7772 0.0981
0.7772 0.0981
0.7772 0.0980
0.7772 0.0979
0.7772 0.0979
0.7772 0.0978
0.7772 0.0978
0.7772 0.0977
0.7772 0.0976
0.7772 0.0976
0.7772 0.0975
0.7772 0.0975
0.7772 0.0974
0.7772 0.0973
0.7772 0.0973
0.7772 0.0972
0.7772 0.0972
0.7772 0.0971
0.7772 0.0970
0.7772 0.0970
0.7772 0.0969
0.7772 0.0969
0.7772 0.0968
0.7772 0.0967
0.7772 0.0967
0.7822 0.0972
0.7822 0.0972
0.7822 0.0971
0.7822 0.0971
0.7822 0.0970
0.7822 0.0969
0.7822 0.0969
0.7822 0.0968
0.7822 0.0968
0.7822 0.0967
0.7822 0.0966
0.7822 0.0966
0.7822 0.0965
0.7822 0.0965
0.7822 0.0964
0.7822 0.0963
0.7822 0.0963
0.7822 0.0962
0.7822 0.0962
0.7822 0.0961
0.7822 0.0960
0.7822 0.0960
0.7822 0.0959
0.7822 0.0959
0.7822 0.0958
0.7822 0.0958
0.7822 0.0957
0.7822 0.0956
0.7822 0.0956
0.7822 0.0955
0.7822 0.0955
0.7822 0.0954
0.7822 0.0954
0.7822 0.0953
0.7822 0.0952
0.7822 0.0952
0.7822 0.0951
0.7871 0.0957
0.7871 0.0956
0.7871 0.0956
0.7871 0.0955
0.7871 0.0954
0.7871 0.0954
0.7871 0.0953
0.7921 0.0959
0.7921 0.0958
0.7921 0.0958
0.7921 0.0957
0.7921 0.0956
0.7921 0.0956
0.7921 0.0955
0.7921 0.0955
0.7921 0.0954
0.7921 0.0954
0.7921 0.0953
0.7921 0.0952
0.7921 0.0952
0.7921 0.0951
0.7921 0.0951
0.7921 0.0950
0.7921 0.0950
0.7921 0.0949
0.7921 0.0948
0.7921 0.0948
0.7921 0.0947
0.7921 0.0947
0.7921 0.0946
0.7921 0.0946
0.7921 0.0945
0.7921 0.0945
0.7921 0.0944
0.7921 0.0943
0.7921 0.0943
0.7921 0.0942
0.7921 0.0942
0.7921 0.0941
0.7921 0.0941
0.7921 0.0940
0.7921 0.0940
0.7921 0.0939
0.7921 0.0938
0.7921 0.0938
0.7921 0.0937
0.7921 0.0937
0.7970 0.0942
0.7970 0.0942
0.7970 0.0941
0.7970 0.0940
0.7970 0.0940
0.7970 0.0939
0.7970 0.0939
0.7970 0.0938
0.7970 0.0938
0.7970 0.0937
0.7970 0.0937
0.7970 0.0936
0.7970 0.0936
0.7970 0.0935
0.7970 0.0934
0.7970 0.0934
0.7970 0.0933
0.7970 0.0933
0.7970 0.0932
0.7970 0.0932
0.7970 0.0931
0.7970 0.0931
0.7970 0.0930
0.7970 0.0930
0.7970 0.0929
0.7970 0.0928
0.7970 0.0928
0.7970 0.0927
0.7970 0.0927
0.7970 0.0926
0.7970 0.0926
0.7970 0.0925
0.7970 0.0925
0.7970 0.0924
0.7970 0.0924
0.7970 0.0923
0.7970 0.0923
0.7970 0.0922
0.7970 0.0922
0.7970 0.0921
0.7970 0.0921
0.7970 0.0920
0.7970 0.0919
0.7970 0.0919
0.7970 0.0918
0.7970 0.0918
0.7970 0.0917
0.7970 0.0917
0.7970 0.0916
