0 0.0050
0 0.0099
0 0.0149
0 0.0198
0 0.0248
0 0.0297
0 0.0347
0 0.0396
0 0.0446
0 0.0495
0 0.0545
0 0.0594
0 0.0644
0 0.0693
0 0.0743
0 0.0792
0 0.0842
0 0.0891
0 0.0941
0 0.0990
1 0.0990
1 0.1040
2 0.1040
2 0.1089
3 0.1089
3 0.1139
3 0.1188
3 0.1238
3 0.1287
3 0.1337
3 0.1386
3 0.1436
3 0.1485
4 0.1485
4 0.1535
4 0.1584
5 0.1584
5 0.1634
5 0.1683
6 0.1683
6 0.1733
6 0.1782
6 0.1832
6 0.1881
6 0.1931
7 0.1931
7 0.1980
7 0.2030
7 0.2079
7 0.2129
7 0.2178
7 0.2228
8 0.2228
8 0.2277
8 0.2327
8 0.2376
9 0.2376
9 0.2426
9 0.2475
9 0.2525
10 0.2525
11 0.2525
12 0.2525
13 0.2525
13 0.2574
14 0.2574
14 0.2624
15 0.2624
15 0.2673
15 0.2723
16 0.2723
16 0.2772
17 0.2772
18 0.2772
18 0.2822
18 0.2871
19 0.2871
19 0.2921
19 0.2970
19 0.3020
20 0.3020
21 0.3020
21 0.3069
22 0.3069
22 0.3119
23 0.3119
23 0.3168
24 0.3168
25 0.3168
25 0.3218
26 0.3218
26 0.3267
27 0.3267
28 0.3267
28 0.3317
29 0.3317
29 0.3366
30 0.3366
31 0.3366
31 0.3416
31 0.3465
31 0.3515
32 0.3515
33 0.3515
34 0.3515
35 0.3515
36 0.3515
37 0.3515
38 0.3515
38 0.3564
38 0.3614
39 0.3614
40 0.3614
41 0.3614
42 0.3614
43 0.3614
43 0.3663
44 0.3663
44 0.3713
45 0.3713
46 0.3713
47 0.3713
48 0.3713
49 0.3713
50 0.3713
51 0.3713
52 0.3713
53 0.3713
53 0.3762
54 0.3762
55 0.3762
55 0.3812
56 0.3812
56 0.3861
57 0.3861
58 0.3861
59 0.3861
59 0.3911
60 0.3911
60 0.3960
61 0.3960
62 0.3960
63 0.3960
63 0.4010
63 0.4059
64 0.4059
65 0.4059
65 0.4109
66 0.4109
67 0.4109
68 0.4109
69 0.4109
70 0.4109
70 0.4158
70 0.4208
71 0.4208
72 0.4208
72 0.4257
73 0.4257
74 0.4257
74 0.4307
75 0.4307
75 0.4356
75 0.4406
75 0.4455
75 0.4505
76 0.4505
76 0.4554
77 0.4554
78 0.4554
79 0.4554
80 0.4554
81 0.4554
81 0.4604
82 0.4604
83 0.4604
84 0.4604
85 0.4604
85 0.4653
86 0.4653
87 0.4653
87 0.4703
88 0.4703
89 0.4703
90 0.4703
91 0.4703
92 0.4703
93 0.4703
94 0.4703
95 0.4703
96 0.4703
97 0.4703
98 0.4703
99 0.4703
100 0.4703
101 0.4703
102 0.4703
103 0.4703
104 0.4703
105 0.4703
106 0.4703
106 0.4752
107 0.4752
108 0.4752
108 0.4802
109 0.4802
110 0.4802
111 0.4802
112 0.4802
113 0.4802
114 0.4802
114 0.4851
115 0.4851
116 0.4851
116 0.4901
117 0.4901
117 0.4950
118 0.4950
119 0.4950
120 0.4950
121 0.4950
121 0.5000
122 0.5000
123 0.5000
124 0.5000
125 0.5000
126 0.5000
127 0.5000
128 0.5000
129 0.5000
129 0.5050
130 0.5050
131 0.5050
132 0.5050
132 0.5099
133 0.5099
134 0.5099
135 0.5099
136 0.5099
137 0.5099
138 0.5099
139 0.5099
140 0.5099
141 0.5099
142 0.5099
143 0.5099
144 0.5099
145 0.5099
146 0.5099
147 0.5099
148 0.5099
149 0.5099
150 0.5099
151 0.5099
152 0.5099
153 0.5099
153 0.5149
154 0.5149
155 0.5149
155 0.5198
156 0.5198
157 0.5198
158 0.5198
159 0.5198
160 0.5198
161 0.5198
162 0.5198
162 0.5248
163 0.5248
164 0.5248
165 0.5248
166 0.5248
167 0.5248
168 0.5248
169 0.5248
169 0.5297
170 0.5297
171 0.5297
172 0.5297
173 0.5297
174 0.5297
175 0.5297
176 0.5297
177 0.5297
177 0.5347
178 0.5347
179 0.5347
180 0.5347
181 0.5347
181 0.5396
182 0.5396
183 0.5396
184 0.5396
185 0.5396
186 0.5396
187 0.5396
188 0.5396
189 0.5396
190 0.5396
190 0.5446
191 0.5446
192 0.5446
192 0.5495
193 0.5495
194 0.5495
195 0.5495
196 0.5495
197 0.5495
198 0.5495
199 0.5495
200 0.5495
201 0.5495
202 0.5495
203 0.5495
204 0.5495
205 0.5495
206 0.5495
207 0.5495
208 0.5495
209 0.5495
210 0.5495
211 0.5495
212 0.5495
213 0.5495
214 0.5495
215 0.5495
216 0.5495
217 0.5495
218 0.5495
219 0.5495
220 0.5495
221 0.5495
222 0.5495
222 0.5545
223 0.5545
223 0.5594
224 0.5594
225 0.5594
226 0.5594
227 0.5594
228 0.5594
229 0.5594
230 0.5594
231 0.5594
232 0.5594
233 0.5594
234 0.5594
235 0.5594
236 0.5594
236 0.5644
237 0.5644
238 0.5644
239 0.5644
240 0.5644
241 0.5644
242 0.5644
242 0.5693
243 0.5693
244 0.5693
245 0.5693
246 0.5693
247 0.5693
248 0.5693
249 0.5693
250 0.5693
251 0.5693
252 0.5693
253 0.5693
254 0.5693
255 0.5693
256 0.5693
257 0.5693
258 0.5693
259 0.5693
260 0.5693
261 0.5693
262 0.5693
263 0.5693
264 0.5693
265 0.5693
266 0.5693
267 0.5693
268 0.5693
269 0.5693
270 0.5693
271 0.5693
272 0.5693
273 0.5693
274 0.5693
275 0.5693
276 0.5693
277 0.5693
278 0.5693
279 0.5693
280 0.5693
281 0.5693
282 0.5693
283 0.5693
284 0.5693
285 0.5693
286 0.5693
287 0.5693
287 0.5743
287 0.5792
288 0.5792
289 0.5792
290 0.5792
290 0.5842
291 0.5842
292 0.5842
293 0.5842
294 0.5842
295 0.5842
296 0.5842
297 0.5842
298 0.5842
299 0.5842
300 0.5842
301 0.5842
302 0.5842
303 0.5842
304 0.5842
305 0.5842
306 0.5842
307 0.5842
308 0.5842
309 0.5842
310 0.5842
311 0.5842
312 0.5842
313 0.5842
314 0.5842
315 0.5842
316 0.5842
317 0.5842
318 0.5842
319 0.5842
320 0.5842
321 0.5842
322 0.5842
322 0.5891
323 0.5891
324 0.5891
325 0.5891
326 0.5891
327 0.5891
328 0.5891
329 0.5891
330 0.5891
331 0.5891
332 0.5891
333 0.5891
334 0.5891
335 0.5891
336 0.5891
337 0.5891
338 0.5891
339 0.5891
340 0.5891
341 0.5891
342 0.5891
342 0.5941
342 0.5990
343 0.5990
343 0.6040
344 0.6040
345 0.6040
346 0.6040
347 0.6040
347 0.6089
348 0.6089
349 0.6089
350 0.6089
351 0.6089
352 0.6089
353 0.6089
354 0.6089
355 0.6089
356 0.6089
357 0.6089
358 0.6089
359 0.6089
360 0.6089
361 0.6089
362 0.6089
363 0.6089
364 0.6089
365 0.6089
366 0.6089
367 0.6089
368 0.6089
369 0.6089
370 0.6089
371 0.6089
372 0.6089
373 0.6089
374 0.6089
375 0.6089
376 0.6089
377 0.6089
378 0.6089
379 0.6089
380 0.6089
381 0.6089
382 0.6089
383 0.6089
384 0.6089
385 0.6089
386 0.6089
387 0.6089
388 0.6089
389 0.6089
390 0.6089
391 0.6089
391 0.6139
392 0.6139
393 0.6139
394 0.6139
395 0.6139
396 0.6139
397 0.6139
398 0.6139
399 0.6139
400 0.6139
401 0.6139
402 0.6139
403 0.6139
404 0.6139
405 0.6139
406 0.6139
407 0.6139
408 0.6139
409 0.6139
410 0.6139
411 0.6139
412 0.6139
413 0.6139
414 0.6139
415 0.6139
416 0.6139
417 0.6139
418 0.6139
419 0.6139
419 0.6188
420 0.6188
420 0.6238
421 0.6238
422 0.6238
423 0.6238
424 0.6238
424 0.6287
425 0.6287
426 0.6287
427 0.6287
428 0.6287
429 0.6287
430 0.6287
431 0.6287
432 0.6287
433 0.6287
434 0.6287
435 0.6287
436 0.6287
437 0.6287
438 0.6287
439 0.6287
440 0.6287
441 0.6287
442 0.6287
443 0.6287
444 0.6287
445 0.6287
446 0.6287
447 0.6287
448 0.6287
449 0.6287
450 0.6287
451 0.6287
452 0.6287
453 0.6287
454 0.6287
455 0.6287
456 0.6287
457 0.6287
458 0.6287
459 0.6287
460 0.6287
461 0.6287
462 0.6287
463 0.6287
464 0.6287
465 0.6287
466 0.6287
467 0.6287
468 0.6287
469 0.6287
470 0.6287
471 0.6287
472 0.6287
473 0.6287
474 0.6287
475 0.6287
476 0.6287
477 0.6287
478 0.6287
479 0.6287
480 0.6287
481 0.6287
482 0.6287
483 0.6287
484 0.6287
485 0.6287
486 0.6287
487 0.6287
488 0.6287
489 0.6287
490 0.6287
491 0.6287
492 0.6287
493 0.6287
494 0.6287
495 0.6287
496 0.6287
497 0.6287
498 0.6287
499 0.6287
500 0.6287
501 0.6287
502 0.6287
503 0.6287
504 0.6287
505 0.6287
506 0.6287
507 0.6287
508 0.6287
509 0.6287
510 0.6287
511 0.6287
512 0.6287
513 0.6287
514 0.6287
514 0.6337
515 0.6337
516 0.6337
517 0.6337
518 0.6337
519 0.6337
520 0.6337
521 0.6337
522 0.6337
522 0.6386
523 0.6386
524 0.6386
525 0.6386
526 0.6386
527 0.6386
528 0.6386
529 0.6386
530 0.6386
531 0.6386
532 0.6386
533 0.6386
534 0.6386
535 0.6386
536 0.6386
537 0.6386
538 0.6386
539 0.6386
540 0.6386
541 0.6386
542 0.6386
543 0.6386
544 0.6386
545 0.6386
546 0.6386
547 0.6386
548 0.6386
549 0.6386
549 0.6436
550 0.6436
551 0.6436
552 0.6436
553 0.6436
554 0.6436
555 0.6436
556 0.6436
557 0.6436
558 0.6436
559 0.6436
560 0.6436
561 0.6436
562 0.6436
563 0.6436
564 0.6436
565 0.6436
566 0.6436
567 0.6436
568 0.6436
569 0.6436
570 0.6436
571 0.6436
572 0.6436
573 0.6436
574 0.6436
575 0.6436
575 0.6485
576 0.6485
577 0.6485
578 0.6485
578 0.6535
579 0.6535
580 0.6535
581 0.6535
582 0.6535
583 0.6535
584 0.6535
585 0.6535
586 0.6535
587 0.6535
588 0.6535
589 0.6535
590 0.6535
591 0.6535
592 0.6535
593 0.6535
594 0.6535
595 0.6535
595 0.6584
596 0.6584
597 0.6584
598 0.6584
599 0.6584
600 0.6584
601 0.6584
602 0.6584
603 0.6584
604 0.6584
605 0.6584
606 0.6584
607 0.6584
608 0.6584
609 0.6584
610 0.6584
611 0.6584
612 0.6584
613 0.6584
614 0.6584
615 0.6584
616 0.6584
617 0.6584
618 0.6584
619 0.6584
620 0.6584
621 0.6584
622 0.6584
623 0.6584
624 0.6584
625 0.6584
626 0.6584
627 0.6584
628 0.6584
629 0.6584
630 0.6584
631 0.6584
632 0.6584
633 0.6584
634 0.6584
635 0.6584
636 0.6584
637 0.6584
638 0.6584
639 0.6584
640 0.6584
641 0.6584
642 0.6584
643 0.6584
644 0.6584
645 0.6584
645 0.6634
646 0.6634
647 0.6634
648 0.6634
649 0.6634
650 0.6634
651 0.6634
652 0.6634
653 0.6634
654 0.6634
655 0.6634
656 0.6634
657 0.6634
658 0.6634
659 0.6634
660 0.6634
661 0.6634
662 0.6634
663 0.6634
664 0.6634
665 0.6634
666 0.6634
667 0.6634
668 0.6634
669 0.6634
670 0.6634
671 0.6634
672 0.6634
672 0.6683
673 0.6683
674 0.6683
675 0.6683
676 0.6683
677 0.6683
678 0.6683
679 0.6683
680 0.6683
681 0.6683
682 0.6683
683 0.6683
684 0.6683
685 0.6683
686 0.6683
687 0.6683
688 0.6683
689 0.6683
690 0.6683
691 0.6683
692 0.6683
693 0.6683
694 0.6683
695 0.6683
696 0.6683
697 0.6683
698 0.6683
699 0.6683
700 0.6683
701 0.6683
702 0.6683
703 0.6683
704 0.6683
705 0.6683
706 0.6683
707 0.6683
708 0.6683
709 0.6683
710 0.6683
711 0.6683
712 0.6683
713 0.6683
714 0.6683
714 0.6733
715 0.6733
716 0.6733
717 0.6733
718 0.6733
719 0.6733
720 0.6733
721 0.6733
722 0.6733
723 0.6733
724 0.6733
725 0.6733
726 0.6733
727 0.6733
728 0.6733
729 0.6733
730 0.6733
731 0.6733
732 0.6733
733 0.6733
734 0.6733
735 0.6733
736 0.6733
737 0.6733
738 0.6733
738 0.6782
739 0.6782
740 0.6782
741 0.6782
742 0.6782
743 0.6782
744 0.6782
745 0.6782
746 0.6782
747 0.6782
748 0.6782
749 0.6782
750 0.6782
751 0.6782
752 0.6782
753 0.6782
754 0.6782
755 0.6782
756 0.6782
757 0.6782
758 0.6782
759 0.6782
760 0.6782
761 0.6782
762 0.6782
763 0.6782
764 0.6782
765 0.6782
766 0.6782
767 0.6782
768 0.6782
769 0.6782
770 0.6782
771 0.6782
772 0.6782
773 0.6782
774 0.6782
775 0.6782
776 0.6782
777 0.6782
778 0.6782
779 0.6782
780 0.6782
781 0.6782
782 0.6782
783 0.6782
784 0.6782
785 0.6782
786 0.6782
787 0.6782
788 0.6782
789 0.6782
790 0.6782
791 0.6782
792 0.6782
793 0.6782
794 0.6782
795 0.6782
796 0.6782
797 0.6782
798 0.6782
799 0.6782
800 0.6782
801 0.6782
802 0.6782
802 0.6832
803 0.6832
804 0.6832
805 0.6832
806 0.6832
807 0.6832
808 0.6832
808 0.6881
809 0.6881
810 0.6881
811 0.6881
812 0.6881
813 0.6881
814 0.6881
815 0.6881
816 0.6881
817 0.6881
818 0.6881
819 0.6881
820 0.6881
821 0.6881
822 0.6881
823 0.6881
824 0.6881
825 0.6881
826 0.6881
827 0.6881
828 0.6881
829 0.6881
830 0.6881
831 0.6881
832 0.6881
833 0.6881
833 0.6931
834 0.6931
835 0.6931
836 0.6931
837 0.6931
838 0.6931
839 0.6931
840 0.6931
841 0.6931
842 0.6931
843 0.6931
844 0.6931
845 0.6931
846 0.6931
847 0.6931
848 0.6931
849 0.6931
850 0.6931
851 0.6931
852 0.6931
853 0.6931
854 0.6931
855 0.6931
856 0.6931
857 0.6931
858 0.6931
859 0.6931
860 0.6931
861 0.6931
862 0.6931
863 0.6931
864 0.6931
865 0.6931
866 0.6931
867 0.6931
868 0.6931
869 0.6931
870 0.6931
871 0.6931
872 0.6931
873 0.6931
874 0.6931
875 0.6931
876 0.6931
877 0.6931
878 0.6931
879 0.6931
880 0.6931
881 0.6931
882 0.6931
883 0.6931
884 0.6931
885 0.6931
885 0.6980
886 0.6980
887 0.6980
888 0.6980
889 0.6980
890 0.6980
891 0.6980
892 0.6980
893 0.6980
894 0.6980
895 0.6980
896 0.6980
897 0.6980
898 0.6980
899 0.6980
900 0.6980
901 0.6980
902 0.6980
903 0.6980
904 0.6980
905 0.6980
906 0.6980
907 0.6980
908 0.6980
909 0.6980
910 0.6980
911 0.6980
912 0.6980
913 0.6980
914 0.6980
915 0.6980
916 0.6980
917 0.6980
918 0.6980
919 0.6980
919 0.7030
920 0.7030
921 0.7030
922 0.7030
923 0.7030
923 0.7079
924 0.7079
925 0.7079
926 0.7079
927 0.7079
928 0.7079
929 0.7079
930 0.7079
931 0.7079
932 0.7079
933 0.7079
934 0.7079
935 0.7079
936 0.7079
937 0.7079
938 0.7079
939 0.7079
940 0.7079
941 0.7079
942 0.7079
943 0.7079
944 0.7079
945 0.7079
946 0.7079
947 0.7079
948 0.7079
949 0.7079
950 0.7079
951 0.7079
952 0.7079
953 0.7079
954 0.7079
955 0.7079
956 0.7079
957 0.7079
958 0.7079
959 0.7079
960 0.7079
961 0.7079
962 0.7079
963 0.7079
964 0.7079
965 0.7079
966 0.7079
967 0.7079
968 0.7079
969 0.7079
970 0.7079
970 0.7129
971 0.7129
972 0.7129
973 0.7129
974 0.7129
975 0.7129
976 0.7129
977 0.7129
978 0.7129
979 0.7129
980 0.7129
981 0.7129
982 0.7129
983 0.7129
984 0.7129
985 0.7129
986 0.7129
987 0.7129
988 0.7129
989 0.7129
990 0.7129
991 0.7129
992 0.7129
993 0.7129
994 0.7129
995 0.7129
996 0.7129
997 0.7129
998 0.7129
999 0.7129
1000 0.7129
1000 0.7178
1001 0.7178
1002 0.7178
1003 0.7178
1004 0.7178
1005 0.7178
1005 0.7228
1005 0.7277
1006 0.7277
1007 0.7277
1008 0.7277
1009 0.7277
1010 0.7277
1011 0.7277
1012 0.7277
1013 0.7277
1014 0.7277
1015 0.7277
1016 0.7277
1017 0.7277
1018 0.7277
1019 0.7277
1020 0.7277
1021 0.7277
1022 0.7277
1023 0.7277
1024 0.7277
1025 0.7277
1026 0.7277
1027 0.7277
1028 0.7277
1029 0.7277
1030 0.7277
1031 0.7277
1032 0.7277
1033 0.7277
1034 0.7277
1035 0.7277
1036 0.7277
1037 0.7277
1038 0.7277
1039 0.7277
1040 0.7277
1041 0.7277
1042 0.7277
1043 0.7277
1044 0.7277
1045 0.7277
1046 0.7277
1047 0.7277
1048 0.7277
1049 0.7277
1050 0.7277
1051 0.7277
1052 0.7277
1053 0.7277
1054 0.7277
1055 0.7277
1056 0.7277
1057 0.7277
1057 0.7327
1058 0.7327
1059 0.7327
1060 0.7327
1061 0.7327
1062 0.7327
1063 0.7327
1064 0.7327
1065 0.7327
1066 0.7327
1067 0.7327
1068 0.7327
1069 0.7327
1070 0.7327
1071 0.7327
1072 0.7327
1073 0.7327
1074 0.7327
1075 0.7327
1076 0.7327
1077 0.7327
1078 0.7327
1079 0.7327
1080 0.7327
1081 0.7327
1082 0.7327
1083 0.7327
1084 0.7327
1085 0.7327
1086 0.7327
1087 0.7327
1088 0.7327
1089 0.7327
1090 0.7327
1091 0.7327
1092 0.7327
1093 0.7327
1094 0.7327
1095 0.7327
1096 0.7327
1097 0.7327
1097 0.7376
1097 0.7426
1098 0.7426
1099 0.7426
1100 0.7426
1101 0.7426
1102 0.7426
1103 0.7426
1104 0.7426
1105 0.7426
1106 0.7426
1107 0.7426
1108 0.7426
1109 0.7426
1109 0.7475
1110 0.7475
1111 0.7475
1112 0.7475
1113 0.7475
1114 0.7475
1115 0.7475
1116 0.7475
1117 0.7475
1118 0.7475
1119 0.7475
1120 0.7475
1121 0.7475
1122 0.7475
1123 0.7475
1124 0.7475
1125 0.7475
1126 0.7475
1127 0.7475
1128 0.7475
1129 0.7475
1130 0.7475
1131 0.7475
1132 0.7475
1133 0.7475
1134 0.7475
1135 0.7475
1136 0.7475
1137 0.7475
1138 0.7475
1139 0.7475
1140 0.7475
1141 0.7475
1142 0.7475
1143 0.7475
1144 0.7475
1145 0.7475
1146 0.7475
1146 0.7525
1147 0.7525
1148 0.7525
1149 0.7525
1150 0.7525
1151 0.7525
1152 0.7525
1153 0.7525
1154 0.7525
1155 0.7525
1156 0.7525
1157 0.7525
1158 0.7525
1159 0.7525
1160 0.7525
1161 0.7525
1162 0.7525
1163 0.7525
1164 0.7525
1165 0.7525
1166 0.7525
1167 0.7525
1168 0.7525
1169 0.7525
1170 0.7525
1171 0.7525
1172 0.7525
1173 0.7525
1174 0.7525
1175 0.7525
1176 0.7525
1177 0.7525
1178 0.7525
1179 0.7525
1180 0.7525
1181 0.7525
1182 0.7525
1183 0.7525
1184 0.7525
1185 0.7525
1186 0.7525
1187 0.7525
1188 0.7525
1189 0.7525
1190 0.7525
1191 0.7525
1192 0.7525
1193 0.7525
1194 0.7525
1195 0.7525
1196 0.7525
1197 0.7525
1198 0.7525
1199 0.7525
1200 0.7525
1201 0.7525
1202 0.7525
1203 0.7525
1204 0.7525
1205 0.7525
1206 0.7525
1207 0.7525
1208 0.7525
1209 0.7525
1210 0.7525
1211 0.7525
1212 0.7525
1213 0.7525
1214 0.7525
1215 0.7525
1216 0.7525
1217 0.7525
1218 0.7525
1219 0.7525
1220 0.7525
1221 0.7525
1222 0.7525
1223 0.7525
1224 0.7525
1225 0.7525
1226 0.7525
1227 0.7525
1228 0.7525
1229 0.7525
1230 0.7525
1231 0.7525
1232 0.7525
1233 0.7525
1234 0.7525
1235 0.7525
1236 0.7525
1237 0.7525
1238 0.7525
1239 0.7525
1240 0.7525
1241 0.7525
1242 0.7525
1243 0.7525
1244 0.7525
1244 0.7574
1245 0.7574
1246 0.7574
1247 0.7574
1248 0.7574
1249 0.7574
1250 0.7574
1251 0.7574
1252 0.7574
1253 0.7574
1254 0.7574
1255 0.7574
1256 0.7574
1257 0.7574
1258 0.7574
1259 0.7574
1260 0.7574
1261 0.7574
1262 0.7574
1263 0.7574
1264 0.7574
1265 0.7574
1266 0.7574
1267 0.7574
1268 0.7574
1269 0.7574
1270 0.7574
1271 0.7574
1272 0.7574
1273 0.7574
1274 0.7574
1275 0.7574
1276 0.7574
1277 0.7574
1278 0.7574
1279 0.7574
1280 0.7574
1281 0.7574
1282 0.7574
1283 0.7574
1284 0.7574
1285 0.7574
1286 0.7574
1287 0.7574
1288 0.7574
1289 0.7574
1290 0.7574
1291 0.7574
1292 0.7574
1293 0.7574
1294 0.7574
1295 0.7574
1296 0.7574
1297 0.7574
1298 0.7574
1299 0.7574
1300 0.7574
1301 0.7574
1302 0.7574
1303 0.7574
1304 0.7574
1305 0.7574
1306 0.7574
1307 0.7574
1308 0.7574
1309 0.7574
1310 0.7574
1311 0.7574
1312 0.7574
1313 0.7574
1314 0.7574
1315 0.7574
1316 0.7574
1317 0.7574
1318 0.7574
1319 0.7574
1320 0.7574
1321 0.7574
1322 0.7574
1323 0.7574
1324 0.7574
1325 0.7574
1326 0.7574
1327 0.7574
1328 0.7574
1329 0.7574
1329 0.7624
1330 0.7624
1331 0.7624
1332 0.7624
1333 0.7624
1334 0.7624
1335 0.7624
1336 0.7624
1337 0.7624
1338 0.7624
1339 0.7624
1340 0.7624
1341 0.7624
1342 0.7624
1343 0.7624
1344 0.7624
1345 0.7624
1346 0.7624
1347 0.7624
1348 0.7624
1349 0.7624
1350 0.7624
1351 0.7624
1352 0.7624
1353 0.7624
1354 0.7624
1355 0.7624
1356 0.7624
1357 0.7624
1358 0.7624
1359 0.7624
1360 0.7624
1361 0.7624
1362 0.7624
1363 0.7624
1364 0.7624
1365 0.7624
1366 0.7624
1367 0.7624
1368 0.7624
1369 0.7624
1370 0.7624
1371 0.7624
1372 0.7624
1373 0.7624
1374 0.7624
1375 0.7624
1376 0.7624
1377 0.7624
1378 0.7624
1379 0.7624
1380 0.7624
1381 0.7624
1382 0.7624
1383 0.7624
1384 0.7624
1385 0.7624
1386 0.7624
1387 0.7624
1388 0.7624
1389 0.7624
1390 0.7624
1391 0.7624
1392 0.7624
1393 0.7624
1394 0.7624
1395 0.7624
1396 0.7624
1397 0.7624
1398 0.7624
1399 0.7624
1400 0.7624
1401 0.7624
1402 0.7624
1402 0.7673
1403 0.7673
1404 0.7673
1405 0.7673
1406 0.7673
1407 0.7673
1408 0.7673
1409 0.7673
1410 0.7673
1411 0.7673
1412 0.7673
1413 0.7673
1414 0.7673
1415 0.7673
1416 0.7673
1417 0.7673
1418 0.7673
1419 0.7673
1420 0.7673
1421 0.7673
1422 0.7673
1423 0.7673
1424 0.7673
1425 0.7673
1426 0.7673
1426 0.7723
1427 0.7723
1428 0.7723
1429 0.7723
1430 0.7723
1431 0.7723
1432 0.7723
1433 0.7723
1434 0.7723
1435 0.7723
1436 0.7723
1437 0.7723
1438 0.7723
1438 0.7772
1439 0.7772
1440 0.7772
1441 0.7772
1442 0.7772
1443 0.7772
1444 0.7772
1445 0.7772
1446 0.7772
1447 0.7772
1448 0.7772
1449 0.7772
1450 0.7772
1451 0.7772
1452 0.7772
1453 0.7772
1454 0.7772
1455 0.7772
1456 0.7772
1457 0.7772
1458 0.7772
1459 0.7772
1460 0.7772
1461 0.7772
1462 0.7772
1463 0.7772
1464 0.7772
1465 0.7772
1466 0.7772
1467 0.7772
1467 0.7822
1468 0.7822
1469 0.7822
1470 0.7822
1471 0.7822
1472 0.7822
1473 0.7822
1474 0.7822
1475 0.7822
1476 0.7822
1477 0.7822
1478 0.7822
1479 0.7822
1480 0.7822
1481 0.7822
1482 0.7822
1483 0.7822
1484 0.7822
1485 0.7822
1486 0.7822
1487 0.7822
1488 0.7822
1489 0.7822
1490 0.7822
1491 0.7822
1492 0.7822
1493 0.7822
1494 0.7822
1495 0.7822
1496 0.7822
1497 0.7822
1498 0.7822
1499 0.7822
1500 0.7822
1501 0.7822
1502 0.7822
1503 0.7822
1503 0.7871
1504 0.7871
1505 0.7871
1506 0.7871
1507 0.7871
1508 0.7871
1509 0.7871
1509 0.7921
1510 0.7921
1511 0.7921
1512 0.7921
1513 0.7921
1514 0.7921
1515 0.7921
1516 0.7921
1517 0.7921
1518 0.7921
1519 0.7921
1520 0.7921
1521 0.7921
1522 0.7921
1523 0.7921
1524 0.7921
1525 0.7921
1526 0.7921
1527 0.7921
1528 0.7921
1529 0.7921
1530 0.7921
1531 0.7921
1532 0.7921
1533 0.7921
1534 0.7921
1535 0.7921
1536 0.7921
1537 0.7921
1538 0.7921
1539 0.7921
1540 0.7921
1541 0.7921
1542 0.7921
1543 0.7921
1544 0.7921
1545 0.7921
1546 0.7921
1547 0.7921
1548 0.7921
1548 0.7970
1549 0.7970
1550 0.7970
1551 0.7970
1552 0.7970
1553 0.7970
1554 0.7970
1555 0.7970
1556 0.7970
1557 0.7970
1558 0.7970
1559 0.7970
1560 0.7970
1561 0.7970
1562 0.7970
1563 0.7970
1564 0.7970
1565 0.7970
1566 0.7970
1567 0.7970
1568 0.7970
1569 0.7970
1570 0.7970
1571 0.7970
1572 0.7970
1573 0.7970
1574 0.7970
1575 0.7970
1576 0.7970
1577 0.7970
1578 0.7970
1579 0.7970
1580 0.7970
1581 0.7970
1582 0.7970
1583 0.7970
1584 0.7970
1585 0.7970
1586 0.7970
1587 0.7970
1588 0.7970
1589 0.7970
1590 0.7970
1591 0.7970
1592 0.7970
1593 0.7970
1594 0.7970
1595 0.7970
1596 0.7970
